725623899737 725623899723 725623875842 725623767947 725622755047 725622751110 725619967160 725619707319 725450146266 725449310238
725622647312 725622627210 725622587434 725622523407 725622455502 725622403649 725619939335 725619703630 725450122725 725449314272
725622347771 725622259914 725622315804 725621615342 725621515243 725621475354 725619895386 725619651781 725450082811 725449322173
725621447523 725621387573 725621371579 725621367748 725621343091 725621335910 725619883034 725451470321 725450062595 725297369724
725446742329 725446518725 725623967856 725623947942 725623931738 725623923758 725623919718 725620763977 725317559392 725292393823
725619719258 725450142957 725446294999 725444606726 725444758427 725444870573 725445046039 725317511549 724771768056 725292409053
725446670392 725446514144 725446190642 725444618949 725444814453 725444902377 725445046164 725317731037 725320075946 725292433104
725446618685 725446478164 725326127473 725444662823 725444826660 725444906290 725445070007 725320255771 725320375251 725292469729
725446618641 725446442975 725326251045 725444670569 725444830374 725444938404 725445962932 725320391257 725446558876 725292725173
725446586015 725446374373 725444442821 725444742576 725444850445 725444998016 725446086949 725446518196 725326059474 725292765189
725446558876 725446346369 725444494967 725444750344 725444854294 725444998021 725446098803 725446314441 725446478164 725293337954
725446106802 725446346369 725446514144 725325987711 725446294999 725446374373 725446586015 725446890124 725325955960 725293413869
725446618641 725325935988 724768548608 724768812160 724768840072 724769760199 724771492771 724771548415 724771740104 725293413967
725446618685 725449362929 725449370071 725449418030 725449422042 725621191420 725447526621 725447670293 725317259765 725293605701
725449430025 725450270170 725450274907 725450286772 725450294680 725621183286 725447538655 725447802073 725293605770 725293649429
725450306819 725450330458 725450338750 725450386955 725450394747 725621127294 725447514676 725447802114 725293797120 725293801209
725450402726 725450418329 725450466228 725450494619 725450510494 725624191272 725447570537 725447810050 725293805157 725293817089
725625459074 725625267880 725625259571 725625187592 725625159156 725624187479 725447626487 725296353191 725293829108 725293865046
725624987960 725624963987 725624331940 725624295172 725624255244 725447406975 725447626614 725292125637 725293897146 725293913006
725448986635 725448990753 725449074755 725449122598 725449150442 725449158357 725449198314 725292157671 725292085791 725145398949
725449238392 725449246247 725297545463 725296841036 725296825066 725296741245 725296713176 725292169614 725145546804 725145582750
725296697199 725296677005 725296673246 725295685519 725295697770 725295705780 725295853975 725292177648 725145590723 725145654354
725295901883 725295953762 725296013673 725296121462 725296129354 725296145893 725296153409 725292233333 725145698356 725291977933
725296217730 725296229471 725296241861 725296241985 725296281471 725296301080 725296349496 725292353210 725291213025 725291153074
725296397387 725296425270 725296437353 725296549289 725296581701 725296609172 725296645038 725293661430 725291041050 725291021057
725296653313 725294977939 725295029857 725295041929 725295069911 725295077669 725295117726 725293665409 725290997385 725290993055
725295193631 725295237444 725295241569 725295277373 725295357350 725295369285 725295385149 725293745241 725290965124 725290941513
725295397155 725295397202 725295405122 725295405127 725295413098 725295445074 725295453090 725293753242 725290933528 725290921389
725294937975 725290889361 725290873697 725290857650 725290809368 725290785687 725290769497 725290765880 725290765864 725290709968
725290693592 725290685701 725290661845 725290657963 725290649794 725290593649 725290589897 725290517861 725151922032 725151894087
725151834193 725151770377 725151670609 725151582848 725151454993 725145850120 725145834017 725145798212 725145750160 725145382936
725145354980 725143170594 725142974069 725142790345 725142790336 725142766525 725142750554 725076720074 725076732167 725076736411
725076752304 725076776603 725076776622 725076784199 725076796320 725076816093 725076832540 725076836118 725076848466 725076880008
725076936089 725077032049 725077100014 725077532755 725077620711 725077668505 725077840184 725077888085 725142606845 725142654777
725142686595 725076432213 725076432855 725076436480 725076436869 725076468249 725076504717 725076568876 725076572618 725076588622
725075148901 725075244721 725075252715 725075324483 725075344424 725075360405 725075368437 725075408408 725075432333 725075508131
725075568066 725075584744 725075832467 725075884427 725075980533 725076104792 725076208790 725076284071 725072240813 725072256727
725072328471 725072356469 725072432304 725072444223 725072476304 725072516144 725072528226 725072536109 725072580024 725072596604
725072748681 725072884264 725072888104 725072972123 725073128517 725073268247 725073548890 725073548897 725073556788 725073564958
725073624874 725073732414 725073792397 725076296601 725076320583 725076380918 725076400807 725076408931 725072152768 725072148601
725072092909 725072084961 725071160094 725071152101 725071144031 725071136395 725071132277 725071128064 725071088057 725071048304
725071024398 725071004100 725070988437 725070976404 725070976156 725070952346 725070940386 725070912500 725070848757 725070832702




724777644745
725621215303 725621159369 725450570484 725449610531 725449742130 725449902792 725449902830 725450034921 725450062028 725296889008
725446918083 725446890124 725446314441 725444554836 725444750428 725444870233 725445010109 725317395664 725317347860 725292293398
725076624577 725076628422 725076652336 725076672458 725076672661 725076684402 725073836511 725073840313 725073844270 725073844367
725073852263 725073872192 725073884229 725073892313 725073908104 725073984055 725074040066 725075088889 725075116907 725075128859
725070828478 725070824831 725070804742 725070796944 725070796810 725070720870 725070644976 724998449045 724998333300 724998213403
724998037829 724997973963 724991449743 724991417827 724988913304 724988781580 724988769670 724988669930 724778056053 724777760625








